                host floor_name  cpu_usage  rolling_mean_5  rolling_std_5  rolling_max_5  delta_usage   z_score  anomaly
64   DESKTOP-4KKLKSK         2F  44.790962       11.077260      18.923969      44.790962    41.813036  3.518741        1
76   DESKTOP-83JPEM7         2F  41.153340       12.151022      17.167863      41.153340    26.592001  3.189295        1
94   DESKTOP-G7AEBPG         2F  83.661505       18.963744      36.261456      83.661505    83.281435  7.039100        1
156        IT-LAB023         2F  32.949024        8.873898      13.467496      32.949024    30.769457  2.446261        1
191        IT-LAB066         2F  28.348667        6.506851      12.287428      28.348667    27.848693  2.029624        1
225        IT-LAB110         2F  41.228481        9.470701      17.870385      41.228481    41.145147  3.196100        1
230        IT-LAB115         2F  56.053385       16.151844      23.381233      56.053385    55.725260  4.538736        1
251       MCA-LAB027         2F  38.761285        8.187488      17.094970      38.761285    38.584201  2.972656        1
268       MCA-LAB071         2F  37.420573       11.658909      14.764184      37.420573    33.344787  2.851232        1
270       MCA-LAB073         2F  40.372396       17.698595      19.382276      40.372396    36.825659  3.118568        1
386            CPL13         5F  33.691406       14.270088      13.021832      33.691406    13.378011  2.513496        1
414            CPL44         5F  72.367238       15.841587      31.614590      72.367238    71.790945  6.016221        1
449              NL8         5F  92.883663       22.688435      39.324835      92.883663    86.476111  7.874317        1
453  DESKTOP-DOG046A         6F  82.305270       47.312374      37.104616      92.883663    57.362794  6.916271        1
485  DESKTOP-1US0P0F         GF  49.681529       16.565097      19.954975      49.681529    40.324864  3.961661        1
495  DESKTOP-7CA2H92         GF  48.536257       17.761771      18.110629      48.536257    46.995393  3.857938        1
496  DESKTOP-7DI2PBP         GF  50.014320       25.301350      22.573926      50.014320     1.478064  3.991801        1
498  DESKTOP-96460ES         GF  38.013071       28.610559      23.644415      50.014320    33.064789  2.904893        1
514  DESKTOP-FIOG6FV         GF  40.673036       15.495419      15.461145      40.673036    40.084494  3.145796        1
520  DESKTOP-I647P4B         GF  32.950995       15.023736      10.387061      32.950995    24.004283  2.446440        1
521  DESKTOP-IEVRE8T         GF  37.059382       21.045205      12.948852      37.059382     4.108387  2.818521        1
523  DESKTOP-J4EL8U7         GF  47.480890       27.248549      17.156346      47.480890    37.676126  3.762358        1
524  DESKTOP-J8T23O7         GF  50.424302       35.544067      16.089135      50.424302     2.943411  4.028931        1
536  DESKTOP-QGDEKBB         GF  42.726422       14.626934      18.858652      42.726422    40.447901  3.331763        1